,m,i,k,j,u,a,p,w,n,t,l,s,e,ŋ,o,b,ɡ,h,d,r,ɲ,f,t̠ʃ,ɛ,ʔ,ɔ,iː,aː,ʃ,uː,z,d̠ʒ,v,ɾ,eː,oː,t̪,ts,ə,˦,˨,ĩ,ã,n̪,ũ,ɨ,kʰ,x,pʰ,ʈ,ȵ,ɳ,ɪ,ɡb,kp,ʒ,ɣ,c,ʊ,kʷ,ɭ,d̪,tʰ,mb,ɟ,ȶ,ɔː,õ,ɛː,ɻ,˧,ẽ,nd,β,ɓ,ŋɡ,dz,ɗ,ɛ̃,ȴ,ɔ̃,q,kʼ,e̞,o̞,ɖ,l̪,ɑ,ɡʷ,χ,æ,ʂ,tsʰ,t̠ʃʰ,ɯ,tʼ,ɽ,t̠ʃʼ,˦˨,ɬ,n̠d̠ʒ,ð,pʼ
m,1.0,0.9084636614535418,0.8746543778801843,0.8764460897732531,0.8672811059907835,0.8509659613615456,0.824455766558592,0.8154130133825566,0.8362435110901368,0.7072155411655874,0.7093735280263778,0.6686831084225221,0.62430426716141,0.6565608716248224,0.6097447795823666,0.5993500464252554,0.5381750465549349,0.5194624652455978,0.45653184565318455,0.47844623401231645,0.43114055844770466,0.4175306314797361,0.3771106941838649,0.3635509628933772,0.35238987816307404,0.3549600376116596,0.35316336166194523,0.33553875236294894,0.3333333333333333,0.3254605573925366,0.2898961284230406,0.25908447380840016,0.2614657210401891,0.2380506091846298,0.2290977798771847,0.22579121398205007,0.22996680891417734,0.22490530303030304,0.22337908187411262,0.21482530689329557,0.21340887629839472,0.16892207186187588,0.16052263182454504,0.17702895111532985,0.1586335985025737,0.15939990623534928,0.17037387600567913,0.16745506149479658,0.16540284360189572,0.16397338403041825,0.14978601997146934,0.14591254752851712,0.14028436018957346,0.1353525792711784,0.13434247871333965,0.13770180436847104,0.13519924098671726,0.13002364066193853,0.13216485078162007,0.12370649106302917,0.13498098859315588,0.127134724857685,0.12132701421800948,0.11784193090392807,0.11678486997635934,0.12220637184973847,0.12007593735168486,0.10855263157894737,0.11806543385490754,0.12030432715168807,0.11352885525070956,0.10489181561618062,0.11137440758293839,0.11047889995258417,0.10900473933649289,0.10743019403691434,0.10683760683760683,0.09164292497625831,0.08117036337895234,0.08464098906324298,0.07557864903164856,0.07685009487666034,0.07386363636363637,0.07339015151515152,0.07240889730241364,0.07604562737642585,0.07315914489311164,0.06891634980988594,0.06335697399527186,0.06306306306306306,0.06069227121858701,0.06226235741444867,0.06175771971496437,0.061282660332541566,0.0584045584045584,0.055002370791844474,0.056505223171889836,0.055002370791844474,0.056505223171889836,0.053156146179401995,0.052256532066508314,0.05078310393925012,0.04928909952606635
i,0.9084636614535418,1.0,0.8664495114006515,0.8449469312413475,0.9299516908212561,0.8633161108501644,0.8064215914378781,0.817627754336615,0.7807710171853228,0.7045028142589118,0.6722846441947565,0.6452214452214452,0.6642512077294686,0.624940954180444,0.6435452793834296,0.5868852459016394,0.528,0.5176636834667923,0.45989558614143333,0.45213270142180095,0.42370441458733205,0.3893596986817326,0.3689966714217784,0.35588375416865176,0.3439429928741093,0.3529693486590038,0.3369823893384103,0.3242467718794835,0.3088930936613056,0.30967127203430206,0.2732032365540219,0.24928229665071772,0.24689589302769818,0.2451830443159923,0.21886973180076627,0.21726618705035972,0.22442084942084942,0.21052631578947367,0.21130809774796358,0.22254616132167152,0.22108843537414966,0.19648093841642228,0.18594436310395315,0.1727976766698935,0.1823069403714565,0.17338513841670714,0.15875299760191847,0.15193502150023888,0.15647568608570053,0.16060164968461912,0.15395894428152493,0.14327343370568238,0.1022993899577663,0.14132553606237816,0.14083820662768032,0.12451923076923077,0.1214594335093615,0.12759787336877718,0.10359508041627247,0.12929782082324456,0.13375486381322957,0.1192084942084942,0.11599806669888835,0.11838913148956817,0.11893203883495146,0.12561094819159335,0.1152542372881356,0.12457254518808011,0.11266924564796905,0.12037037037037036,0.11830574488802337,0.12023460410557185,0.1101407083939835,0.11084103062712689,0.10771470160116449,0.10825242718446602,0.10067763794772508,0.08624031007751938,0.0908203125,0.08699902248289346,0.08451392281387396,0.06394230769230769,0.06914893617021277,0.0733365711510442,0.07285089849441477,0.07135922330097087,0.07101167315175097,0.06511175898931001,0.06511175898931001,0.05301204819277108,0.06082725060827251,0.05830903790087463,0.058823529411764705,0.053217223028543786,0.05951219512195122,0.05140640155189137,0.05242718446601942,0.049878934624697335,0.0575609756097561,0.045454545454545456,0.05268292682926829,0.0470873786407767,0.046579330422125184
k,0.8746543778801843,0.8664495114006515,1.0,0.819321876451463,0.8281177020084073,0.8209934395501406,0.8929282868525896,0.7730032695002336,0.764456981664316,0.772069825436409,0.6537186167693037,0.6529242569511026,0.6259062348960851,0.6033412887828162,0.6138565891472868,0.5883765609990393,0.534658264663112,0.5181246979217013,0.4638318670576735,0.44595249636451767,0.43653558984569435,0.4054848188050931,0.3969046430354468,0.36139832594780896,0.3326867119301649,0.356401384083045,0.33725490196078434,0.32609768130241734,0.3173124080431584,0.31105651105651105,0.28035538005923,0.25185551707075704,0.2568306010928962,0.2513743128435782,0.23138430784607697,0.22911455727863933,0.24543610547667344,0.22941767068273092,0.224112056028014,0.22546552591847005,0.22334004024144868,0.19124308002013085,0.1869631126831733,0.15883226125680355,0.1772406847935549,0.1739567621920563,0.13404565322972317,0.16441779110444776,0.13551859099804306,0.17488561260803254,0.12703905091448345,0.12972166998011928,0.1368421052631579,0.14365199797673242,0.1437246963562753,0.1261845386533666,0.12693653173413294,0.14025316455696202,0.1282565130260521,0.13801820020222447,0.11884634510193934,0.12068102153229844,0.09807787087235091,0.12323232323232323,0.12209889001009082,0.13078880407124682,0.11883182275931521,0.12228398180899444,0.1150175791059769,0.10348258706467661,0.12089023773394031,0.11779575328614762,0.11690283400809717,0.10809451985922575,0.11437246963562753,0.11268317331985851,0.10256410256410256,0.09584178498985801,0.0884732052578362,0.08123107971745712,0.08139534883720931,0.07568113017154389,0.061285500747384154,0.06984924623115578,0.06880964339527876,0.0753667172483561,0.06959152798789713,0.06294058408862034,0.06670035371399696,0.05252626313156578,0.05636638147961751,0.06231003039513678,0.05482897384305835,0.0448654037886341,0.057663125948406675,0.04769076305220884,0.057244174265450865,0.0435,0.05885337392186707,0.04889112903225806,0.05592272496187087,0.046898638426626324,0.03903903903903904
j,0.8764460897732531,0.8449469312413475,0.819321876451463,1.0,0.8144186046511628,0.8039124359571496,0.7643223102002794,0.8626292466765141,0.7608286252354048,0.674550614947966,0.676144578313253,0.6271909047844624,0.6002865329512894,0.6187711659409773,0.5830152671755725,0.5715648854961832,0.5173243503368624,0.491654744873629,0.4482758620689655,0.4681166584280771,0.40420332355816224,0.4032416502946955,0.36989670437776684,0.3583415597235933,0.33610161211529066,0.3506429277942631,0.35276532137518685,0.33950926389584374,0.32786885245901637,0.3281640820410205,0.2898550724637681,0.2559880239520958,0.2559880239520958,0.2270935960591133,0.23227752639517346,0.22629202207727045,0.22887323943661972,0.22044088176352705,0.2182182182182182,0.22323232323232323,0.2204843592330979,0.17582417582417584,0.16975463194792187,0.17983789260385005,0.1619190404797601,0.16041979010494753,0.1627441161742614,0.15907953976988495,0.15805318615153036,0.1706571574121243,0.16137295081967212,0.1548288196218702,0.14350912778904665,0.14343845371312308,0.14292980671414038,0.13555892766818411,0.13232323232323231,0.13080808080808082,0.13539553752535496,0.1280241935483871,0.1442455242966752,0.12317011610297829,0.11699445284921836,0.11329305135951662,0.11666666666666667,0.13165983606557377,0.12245934959349593,0.11178247734138973,0.11860111505321845,0.12961065573770492,0.11997966446365023,0.10786290322580645,0.10696266397578204,0.0965965965965966,0.11342828077314344,0.10443995963673057,0.10101010101010101,0.09480122324159021,0.08961303462321792,0.09118852459016394,0.08303616912888435,0.07563451776649746,0.08010204081632653,0.06814740030287733,0.0649546827794562,0.07586558044806517,0.07770961145194274,0.06389452332657201,0.06768447837150127,0.065206316861946,0.05942102590147283,0.05894308943089431,0.06109979633401222,0.06005089058524173,0.05055611729019211,0.058703420112302195,0.0560081466395112,0.05978538579458355,0.05708460754332314,0.055640632976008166,0.053061224489795916,0.05094243504839532,0.05362614913176711
u,0.8672811059907835,0.9299516908212561,0.8281177020084073,0.8144186046511628,1.0,0.8228921337729628,0.772003745318352,0.7948717948717948,0.7373314737331473,0.6652542372881356,0.6698702546852475,0.6234626300851467,0.6484490398818316,0.6291423001949318,0.625,0.5829725829725829,0.529126213592233,0.488804192472606,0.45530043966780653,0.4688118811881188,0.4222001982160555,0.4038366945400885,0.3452611218568665,0.3615651312530956,0.3262135922330097,0.3674185463659148,0.3209936678032148,0.31431382193802265,0.2898550724637681,0.3293233082706767,0.2813121272365805,0.2526158445440957,0.2576288144072036,0.22140402552773686,0.2130822596630327,0.20662382600098864,0.23107971745711403,0.2002960039467193,0.2155,0.23041709053916581,0.2288911495422177,0.18917551846231664,0.17887822132390097,0.17831813576494426,0.19076923076923077,0.16415662650602408,0.16066066066066065,0.14952806756085443,0.16120906801007556,0.16556627729812087,0.1598360655737705,0.14801627670396744,0.1110014800197336,0.14775051124744376,0.14782608695652175,0.12719959778783307,0.12399598393574297,0.13157894736842105,0.0971540726202159,0.12198795180722892,0.1380539989811513,0.12449392712550607,0.11379657603222558,0.12138141188420518,0.12309257375381485,0.13012295081967212,0.11639676113360324,0.11589068825910931,0.11369378473976756,0.12404287901990811,0.12416964741951968,0.11477907567293043,0.1127475876079228,0.10672736469398078,0.11077235772357724,0.11133706151499746,0.10005053057099546,0.0893854748603352,0.09309462915601023,0.08965163934426229,0.08760245901639344,0.06224899598393574,0.06767676767676768,0.07367886178861789,0.07208121827411168,0.07433808553971487,0.07343192248852626,0.06615776081424936,0.06778797145769623,0.05401312468450278,0.060590631364562116,0.05741869918699187,0.05741869918699187,0.05209914011127972,0.055442522889114956,0.0496705524581855,0.05180294565769426,0.050202839756592295,0.06041986687147977,0.04292929292929293,0.05421994884910486,0.046747967479674794,0.04568527918781726
a,0.8509659613615456,0.8633161108501644,0.8209934395501406,0.8039124359571496,0.8228921337729628,1.0,0.7646782527007985,0.8064516129032258,0.7569872098531502,0.7000968992248062,0.6445610687022901,0.6163342830009497,0.6282491417361452,0.6076624636275461,0.6112745098039216,0.5384252710985384,0.47962085308056873,0.5019398642095053,0.4430317848410758,0.42808551992225463,0.40832507433102083,0.37117903930131,0.36269173676397826,0.3463631865413162,0.34997503744383424,0.3520280420630946,0.3306891422905305,0.36078229541945445,0.29891838741396265,0.30677290836653387,0.2623762376237624,0.24175824175824176,0.23681592039800994,0.2380473074987418,0.22531645569620254,0.21807168096920748,0.21084337349397592,0.19890329012961117,0.2063253012048193,0.2286742034943474,0.22713257965056527,0.19128205128205128,0.1967808930425753,0.1641337386018237,0.17520491803278687,0.17366803278688525,0.142643391521197,0.1401496259351621,0.13736263736263737,0.1619682214249103,0.16397709526288393,0.15074858027878163,0.13123092573753814,0.1469218830832902,0.14699792960662525,0.11256281407035176,0.12119675456389452,0.12252160650737164,0.12538226299694188,0.13295687885010268,0.13887454827052143,0.10251256281407035,0.11258278145695365,0.12719751809720786,0.10828673106253177,0.13378448724622594,0.11406649616368286,0.12332301341589268,0.10625317742755465,0.12993762993762994,0.12016503352243424,0.11816305469556243,0.11840744570837643,0.11282843894899536,0.11697722567287784,0.11697722567287784,0.09086294416243655,0.09632314862765406,0.08992248062015504,0.092660072878709,0.08380755302638386,0.06422018348623854,0.06919528446950282,0.06486210418794688,0.06109979633401222,0.06605222734254992,0.07283057851239669,0.018728437654016758,0.06711409395973154,0.0504844467108618,0.04050632911392405,0.05228088159917991,0.05228088159917991,0.052307692307692305,0.050282195997947664,0.054723799690242644,0.05363589479112945,0.05255023183925812,0.0612987012987013,0.048378795676788475,0.05555555555555555,0.04742268041237113,0.046343975283213185
p,0.824455766558592,0.8064215914378781,0.8929282868525896,0.7643223102002794,0.772003745318352,0.7646782527007985,1.0,0.7199812382739212,0.7240723120837298,0.7363083164300203,0.6360097323600973,0.6135148274185708,0.5772793759141882,0.5903495814869523,0.5680705190989226,0.5352657004830917,0.48581213307240706,0.4903513112320633,0.433,0.443601416287304,0.40020314880650076,0.363681592039801,0.3829015544041451,0.34558448187850943,0.32809330628803246,0.34102564102564104,0.33009211873080857,0.31975244971634864,0.29796954314720814,0.30606995884773663,0.2699639361154044,0.23254620123203285,0.2643496577145866,0.24868559411146163,0.22315348349921424,0.2220472440944882,0.24371993586317478,0.24064171122994651,0.214248297537978,0.20292123109024518,0.20198329853862212,0.19423692636072573,0.18716577540106952,0.16046145778710016,0.18002136752136752,0.1684322033898305,0.14656964656964658,0.16578389830508475,0.14345331246739698,0.18458197611292074,0.13569165786694826,0.1392136025504782,0.1395844432605221,0.1382808328884143,0.13351063829787235,0.11699895068205667,0.12130801687763713,0.14385775862068967,0.12985630654603514,0.13052743740010656,0.12699256110520724,0.11292875989445911,0.105318588730911,0.1161427810335642,0.11495476317189994,0.13997821350762527,0.11626666666666667,0.12654819601507808,0.11639081687132942,0.1099893730074389,0.11247334754797442,0.12297734627831715,0.10885805763073639,0.1054874800213106,0.11631663974151858,0.10737179487179487,0.10256410256410256,0.09306078536847767,0.08875739644970414,0.0868861305990286,0.08239095315024232,0.08387445887445888,0.05873015873015873,0.07009095773140717,0.06898395721925134,0.07481162540365985,0.06638115631691649,0.06501880709296078,0.05706666666666667,0.05389541088580576,0.05800214822771214,0.06724511930585683,0.05977382875605816,0.048507462686567165,0.062263129399025445,0.048179871520342615,0.05837837837837838,0.04204364023416711,0.05268817204301075,0.05456509994597515,0.05183585313174946,0.047337278106508875,0.04396782841823056
w,0.8154130133825566,0.817627754336615,0.7730032695002336,0.8626292466765141,0.7948717948717948,0.8064516129032258,0.7199812382739212,1.0,0.7340680402491615,0.6759803921568628,0.6536945812807882,0.594035594035594,0.5982187036120732,0.6084788029925187,0.5725528775209051,0.5365617433414044,0.482640586797066,0.47257590597453475,0.453760162601626,0.4447261663286004,0.39483020780537254,0.3700550826239359,0.3420654911838791,0.34923076923076923,0.3343542623787647,0.34953464322647365,0.3316221765913758,0.3343782654127482,0.2875882946518668,0.31499740529320186,0.2686952037132542,0.2433834976647639,0.2255754475703325,0.2185089974293059,0.22373949579831934,0.21686746987951808,0.2112676056338028,0.2025974025974026,0.21929362150764364,0.23842841765339073,0.2361484669176977,0.1783641160949868,0.17382087970323265,0.1713527851458886,0.165520888418826,0.1596417281348788,0.1487473903966597,0.13605794102431454,0.1426332288401254,0.16917293233082706,0.1720371381758602,0.15746753246753248,0.1326963906581741,0.1566068515497553,0.15732172019597168,0.116132422490804,0.12044374009508717,0.1296,0.12599681020733652,0.1345123258306538,0.14688346883468834,0.10504201680672269,0.1102863202545069,0.12124463519313304,0.11704970603955105,0.1403604587657018,0.12137486573576799,0.11366061899679829,0.11491181186531267,0.1381758601856909,0.12601406165494863,0.11010154997327633,0.11391724879097259,0.08604407135362015,0.12330255296034763,0.11123052122514777,0.10224839400428265,0.10282916213275299,0.09135135135135135,0.09721463681048607,0.08613217768147345,0.07016604177825388,0.07717215326497572,0.06004250797024442,0.05782493368700265,0.06809651474530831,0.0746349378042185,0.0544,0.07212581344902386,0.05516871987145153,0.05080213903743316,0.053111587982832616,0.05367686527106817,0.04919786096256684,0.04764453961456103,0.05796316359696641,0.05339805825242718,0.057390362750406064,0.06430517711171663,0.055284552845528454,0.055404671374253124,0.04859611231101512,0.05200433369447454
n,0.8362435110901368,0.7807710171853228,0.764456981664316,0.7608286252354048,0.7373314737331473,0.7569872098531502,0.7240723120837298,0.7340680402491615,1.0,0.8209277238403452,0.7627659574468085,0.6974571873378308,0.6031187122736419,0.5830845771144278,0.592929292929293,0.5518096182449181,0.4982456140350877,0.4962140333165068,0.52571737953438,0.5045576407506702,0.44634276561665776,0.4047991653625456,0.37729900157645824,0.36210526315789476,0.3376690946930281,0.35390295358649787,0.3356020942408377,0.325065963060686,0.3156790770844258,0.3055555555555556,0.30931744312026005,0.25560298826040556,0.2609860664523044,0.2578378378378378,0.2315562735595046,0.23376623376623376,0.15920651068158698,0.23814713896457765,0.21715817694369974,0.23726027397260274,0.2356164383561644,0.1761546723952739,0.17278617710583152,0.08466933867735471,0.16370490037695207,0.16208939149165322,0.15154749199573106,0.15380493033226153,0.1459112773917691,0.17317207256734468,0.1233974358974359,0.15993359158826784,0.1388888888888889,0.14947600661886376,0.14765840220385676,0.13282525857376157,0.12385073012439156,0.1351203501094092,0.1320240043644299,0.12901469787697334,0.1491130820399113,0.07849293563579278,0.14007782101167315,0.12969094922737306,0.12164383561643835,0.10183189655172414,0.12796469939327082,0.11877394636015326,0.12438084755090809,0.13958682300390843,0.12217941662080352,0.11758241758241758,0.1309192200557103,0.10704533042053523,0.12188365650969529,0.11878453038674033,0.11258278145695365,0.10652537646402677,0.08870523415977961,0.09648633575013943,0.0821842250413679,0.06947483588621445,0.06896551724137931,0.04664879356568365,0.04611260053619303,0.07205720572057206,0.05422993492407809,0.06497797356828194,0.06791827719491994,0.05589041095890411,0.05199781061850027,0.054365733113673806,0.064891846921797,0.057883131201764054,0.05570876999448428,0.06347438752783964,0.05758582502768549,0.05234159779614325,0.06406685236768803,0.05954368391764051,0.059085841694537344,0.04455445544554455,0.045129334067143645
t,0.7072155411655874,0.7045028142589118,0.772069825436409,0.674550614947966,0.6652542372881356,0.7000968992248062,0.7363083164300203,0.6759803921568628,0.8209277238403452,1.0,0.6476190476190476,0.6466487935656836,0.5655136268343816,0.5106382978723404,0.5506561679790026,0.5017939518195798,0.44732745199792423,0.4812433011789925,0.5704859028194361,0.4437673130193906,0.41671372106154714,0.3834628190899001,0.38978185993111364,0.3583617747440273,0.31942125765164164,0.35334476843910806,0.3010514665190924,0.298314606741573,0.3030474040632054,0.27419354838709675,0.2867092280905398,0.2423542989036353,0.246670526925304,0.25783560023654645,0.21549213744903903,0.21495327102803738,0.1,0.2414619532654284,0.2062937062937063,0.24727272727272728,0.24394673123486682,0.20679199514857488,0.2039072039072039,0.07848518111964874,0.18704600484261502,0.17951807228915662,0.10684002261164499,0.14612676056338028,0.10517339397384878,0.15256257449344457,0.1102683780630105,0.12790005948839978,0.12693682955899882,0.16728624535315986,0.16378244746600742,0.11831153388822829,0.12387791741472172,0.1460880195599022,0.12208258527827648,0.1482843137254902,0.12492492492492492,0.02477973568281938,0.11842900302114803,0.13942011104256632,0.1221142162818955,0.11413043478260869,0.12844036697247707,0.1417956656346749,0.12172854534388314,0.12461820403176542,0.12752912323727775,0.13630731102850063,0.14232209737827714,0.1092896174863388,0.12307692307692308,0.12654320987654322,0.1012734990903578,0.1019147621988882,0.1044776119402985,0.0968944099378882,0.09440993788819876,0.07668711656441718,0.06500607533414338,0.041617122473246136,0.045997610513739545,0.04293381037567084,0.05123568414707655,0.05474452554744526,0.07568238213399504,0.05048661800486618,0.04553734061930783,0.04942037827943868,0.05263157894736842,0.039927404718693285,0.05541871921182266,0.0640945861854387,0.042682926829268296,0.049079754601226995,0.06875,0.058385093167701865,0.06316447779862414,0.04041641151255358,0.044253226797787336
l,0.7093735280263778,0.6722846441947565,0.6537186167693037,0.676144578313253,0.6698702546852475,0.6445610687022901,0.6360097323600973,0.6536945812807882,0.7627659574468085,0.6476190476190476,1.0,0.6229773462783171,0.5517241379310345,0.5947569634079738,0.5334040296924708,0.5361542581681843,0.5066298342541437,0.432661717921527,0.48088064889918886,0.5607361963190184,0.4268221574344023,0.4258064516129032,0.3134743875278396,0.36262448740480374,0.2849193099610462,0.3663307646710136,0.3362521891418564,0.32762691853600945,0.2818026240730177,0.32599643069601425,0.3261538461538461,0.2513464991023339,0.2765567765567766,0.1786529680365297,0.23929008567931456,0.2350061199510404,0.2114114114114114,0.21818181818181817,0.22364411943936624,0.25141065830721004,0.2487468671679198,0.1354534746760895,0.13151658767772512,0.13679808841099164,0.137125748502994,0.1004062681369704,0.17181705809641531,0.15304878048780488,0.168944099378882,0.21322099805573558,0.14347826086956522,0.19556714471968709,0.15031446540880503,0.16273133375877472,0.15766052129688493,0.14258793969849246,0.12585244885306882,0.14457070707070707,0.14746835443037976,0.10555216595485052,0.17903645833333334,0.119477286869944,0.13804071246819338,0.13621896880967538,0.13333333333333333,0.11856963613550815,0.14002557544757033,0.09191176470588236,0.1380191693290735,0.15971316818774445,0.13837283792440744,0.0931523750771129,0.13478818998716302,0.07621951219512195,0.13449163449163448,0.12221514958625079,0.11577608142493638,0.11600777705767984,0.09033078880407125,0.11299804049640758,0.08626198083067092,0.08248081841432225,0.07433290978398983,0.04256631708821715,0.03874538745387454,0.08768536428110896,0.05786163522012579,0.07042253521126761,0.06768837803320563,0.06253988513082323,0.0512982900569981,0.054707379134860054,0.07175177763413057,0.05878594249201278,0.04755865567533291,0.06459948320413436,0.06391220142027114,0.05641025641025641,0.06666666666666667,0.06416072585871678,0.06294613887086307,0.04400510204081633,0.04734484964811261
s,0.6686831084225221,0.6452214452214452,0.6529242569511026,0.6271909047844624,0.6234626300851467,0.6163342830009497,0.6135148274185708,0.594035594035594,0.6974571873378308,0.6466487935656836,0.6229773462783171,1.0,0.6136618141097424,0.43134328358208956,0.6261415525114156,0.6588373458602467,0.5976190476190476,0.5827380952380953,0.5814977973568282,0.3794815223386652,0.47484662576687114,0.4971786833855799,0.41998773758430413,0.40578817733990147,0.34400948991696323,0.3997524752475248,0.3111500291885581,0.2840512223515716,0.3757802746566791,0.2866391995291348,0.4146014735432016,0.3019707565162111,0.3161953727506427,0.25590062111801243,0.26807421625079975,0.27009646302250806,0.12864493996569468,0.2957839262187088,0.2327478042659975,0.27647058823529413,0.27284595300261094,0.2098844672657253,0.20373952288845906,0.05802047781569966,0.20051746442432083,0.16908517350157728,0.19702842377260982,0.19072164948453607,0.19106217616580312,0.07272727272727272,0.0,0.03526011560693642,0.1574854180168503,0.186,0.18454363757495004,0.16230366492146597,0.137997432605905,0.14414996767937943,0.15384615384615385,0.14129032258064517,0.027309703660662404,0.12276214833759591,0.1593625498007968,0.14983498349834984,0.13485342019543975,0.0,0.14700065919578115,0.1410761154855643,0.14191852825229961,0.006376811594202898,0.14910536779324055,0.1382488479262673,0.1492338441039307,0.10455420141116101,0.14285714285714285,0.13681427627230666,0.14066666666666666,0.11858760826115923,0.1073558648111332,0.0,0.10246174318030606,0.08624094799210007,0.0913907284768212,0.05441741357234315,0.05175718849840256,0.09746328437917223,0.013605442176870748,0.07738095238095238,0.08527648234510327,0.07346128391793515,0.0610236220472441,0.06812169312169312,0.08534946236559139,0.06958250497017893,0.06064601186552406,0.07862903225806452,0.051769331585845346,0.06857523302263649,0.07429718875502007,0.07171581769436998,0.06760374832663989,0.03911342894393742,0.06054557551563539
e,0.62430426716141,0.6642512077294686,0.6259062348960851,0.6002865329512894,0.6484490398818316,0.6282491417361452,0.5772793759141882,0.5982187036120732,0.6031187122736419,0.5655136268343816,0.5517241379310345,0.6136618141097424,1.0,0.48405951115834217,0.8581989247311828,0.5653912050256996,0.5151515151515151,0.4722698684962836,0.4883578431372549,0.3717366628830874,0.47021546261089986,0.41090018371096143,0.34134615384615385,0.3466013472137171,0.301909307875895,0.38903061224489793,0.2702702702702703,0.26686567164179104,0.2725090036014406,0.25642558278541544,0.31432274789371356,0.26627981947130885,0.26955397543632836,0.22580645161290322,0.3026767330130405,0.2759784075573549,0.16379310344827586,0.20242656449553,0.23102094240837695,0.2845360824742268,0.28512396694214875,0.22433718558803534,0.21956224350205197,0.10379117464263518,0.208731241473397,0.1738553417385534,0.16611733684904417,0.13440514469453377,0.16379310344827586,0.10793650793650794,0.06658369632856254,0.08037974683544304,0.13089700996677742,0.19198312236286919,0.1937984496124031,0.125,0.12901069518716576,0.1547945205479452,0.1285140562248996,0.12034574468085106,0.06582278481012659,0.12972972972972974,0.12754409769335143,0.13873626373626374,0.14030261348005502,0.04810126582278481,0.13424657534246576,0.1687853107344633,0.12287847929395791,0.04424778761061947,0.15465360391882435,0.17416131334760884,0.13250517598343686,0.10975609756097561,0.1361111111111111,0.12827586206896552,0.10982264665757162,0.10917941585535466,0.10669456066945607,0.024025974025974027,0.11009174311926606,0.051712558764271326,0.05962059620596206,0.009038089089735314,0.005148005148005148,0.09243697478991597,0.035286284953395475,0.06994459833795014,0.07068607068607069,0.04483695652173913,0.05360824742268041,0.05440771349862259,0.06541405706332637,0.052269601100412656,0.059027777777777776,0.05259515570934256,0.05332409972299169,0.04249485949280329,0.07719546742209632,0.045548654244306416,0.0685997171145686,0.04498269896193772,0.037800687285223365
ŋ,0.6565608716248224,0.624940954180444,0.6033412887828162,0.6187711659409773,0.6291423001949318,0.6076624636275461,0.5903495814869523,0.6084788029925187,0.5830845771144278,0.5106382978723404,0.5947569634079738,0.43134328358208956,0.48405951115834217,1.0,0.4634146341463415,0.4354669464847849,0.4242590559824369,0.3295395757889291,0.3702656868287168,0.4743276283618582,0.4167686658506732,0.34365867913500875,0.24622271964185785,0.35181762168823166,0.2569284064665127,0.35727670206121176,0.32331288343558284,0.323125,0.18090452261306533,0.31886792452830187,0.2411042944785276,0.22208359326263255,0.23830594184576487,0.14446417998815866,0.2119078104993598,0.20127388535031848,0.25249169435215946,0.1599752933909821,0.22135416666666666,0.22631578947368422,0.22273324572930356,0.1302706104468219,0.1281725888324873,0.21384509938313914,0.12476129853596435,0.11504424778761062,0.149185667752443,0.11611675126903553,0.1498028909329829,0.2184873949579832,0.2259684361549498,0.20538243626062322,0.14353099730458221,0.14576271186440679,0.14586160108548168,0.09120310478654592,0.13630229419703105,0.1388888888888889,0.13427800269905532,0.10019646365422397,0.18993621545003544,0.11804158283031523,0.10614152202937249,0.1275579809004093,0.12067796610169491,0.18436154949784792,0.14256055363321798,0.08839050131926121,0.13411279229711143,0.1781115879828326,0.12825788751714678,0.08970099667774087,0.12054794520547946,0.09818426361802286,0.10876954452753229,0.11331058020477816,0.0989159891598916,0.08680792891319207,0.08281998631074607,0.12769010043041606,0.07988980716253444,0.048354600402955,0.01762402088772846,0.04563758389261745,0.04077540106951872,0.0798611111111111,0.09154929577464789,0.06500691562932227,0.0547945205479452,0.036511156186612576,0.05452035886818495,0.045205479452054796,0.06045865184155664,0.040955631399317405,0.056289089645587216,0.013368983957219251,0.06311360448807854,0.014046822742474917,0.06460674157303371,0.03566529492455418,0.06056338028169014,0.059113300492610835,0.00871313672922252
o,0.6097447795823666,0.6435452793834296,0.6138565891472868,0.5830152671755725,0.625,0.6112745098039216,0.5680705190989226,0.5725528775209051,0.592929292929293,0.5506561679790026,0.5334040296924708,0.6261415525114156,0.8581989247311828,0.4634146341463415,1.0,0.5644136337377239,0.5189349112426036,0.4822157434402332,0.48175633889919606,0.3584045584045584,0.4735824742268041,0.4140722291407223,0.3474264705882353,0.3902439024390244,0.31517747858017137,0.3829787234042553,0.2825301204819277,0.27378048780487807,0.277233782129743,0.26004872107186355,0.3099146421536441,0.27123107307439104,0.27796161482461945,0.23141564318034907,0.28887353144436767,0.31029619181946405,0.16499372647427854,0.20442708333333334,0.232,0.28212290502793297,0.28361344537815125,0.2286309937456567,0.22463261021693492,0.09484924623115577,0.20931849791376914,0.18014955812372535,0.16745124411566914,0.14332892998678995,0.1643002028397566,0.10025706940874037,0.04931335830212235,0.06692160611854685,0.14236824093086928,0.19310839913854988,0.19582433405327573,0.12474576271186441,0.12653061224489795,0.15271966527196654,0.12678936605316973,0.11848341232227488,0.058333333333333334,0.1319060773480663,0.1288981288981289,0.13240418118466898,0.13955119214586256,0.03375796178343949,0.13258897418004187,0.18567251461988304,0.13674614305750352,0.03318442884492661,0.15335235378031384,0.16981132075471697,0.1308016877637131,0.10919143054595715,0.13126323218066338,0.12333566923615978,0.10771369006254343,0.10466760961810467,0.11879049676025918,0.018469656992084433,0.10871130309575235,0.05360824742268041,0.06319444444444444,0.011904761904761904,0.0013097576948264572,0.09383954154727794,0.03607896528250511,0.0685512367491166,0.06779661016949153,0.04513888888888889,0.056338028169014086,0.05790960451977401,0.06543385490753911,0.052742616033755275,0.06192170818505338,0.05531914893617021,0.04936530324400564,0.04567814476458187,0.07670043415340087,0.04292751583391977,0.06714801444043321,0.04307909604519774,0.04014084507042254
b,0.5993500464252554,0.5868852459016394,0.5883765609990393,0.5715648854961832,0.5829725829725829,0.5384252710985384,0.5352657004830917,0.5365617433414044,0.5518096182449181,0.5017939518195798,0.5361542581681843,0.6588373458602467,0.5653912050256996,0.4354669464847849,0.5644136337377239,1.0,0.8177269478198713,0.5086878370281606,0.7188405797101449,0.3857897827363476,0.47619047619047616,0.5390410958904109,0.36278195488721804,0.42704863424383743,0.2965222696766321,0.4340770791075051,0.27730582524271846,0.23949579831932774,0.32668810289389066,0.26782393056416615,0.40886347390993566,0.3818840579710145,0.3458009880028229,0.20499679692504805,0.24140256237356708,0.2391891891891892,0.1727447216890595,0.2181454302868579,0.24081632653061225,0.2970651395848246,0.2939914163090129,0.1986254295532646,0.18381344307270234,0.09490445859872612,0.19428969359331477,0.14668452779638314,0.19220055710306408,0.17158544955387783,0.1874125874125874,0.08413615928066795,0.0,0.04298356510745891,0.1691542288557214,0.21603563474387527,0.20901033973412111,0.18050541516245489,0.13333333333333333,0.17025862068965517,0.16774193548387098,0.11354309165526676,0.03301587301587302,0.1962962962962963,0.12473721093202522,0.13950177935943062,0.18329637841832963,0.0,0.15201729106628242,0.13092710544939845,0.14809489575844717,0.006309148264984227,0.1704628949301984,0.12305516265912306,0.13304721030042918,0.08436213991769548,0.14254703328509408,0.1270521056388294,0.16382505559673832,0.12099125364431487,0.11597374179431072,0.0,0.1130690161527166,0.06417489421720733,0.07951289398280802,0.07725321888412018,0.075,0.11415863602668644,0.035961272475795295,0.08454810495626822,0.10222222222222223,0.06931407942238267,0.06724511930585683,0.06502890173410404,0.061195104391648665,0.06047516198704104,0.06453952139231327,0.053237410071942444,0.06627822286962855,0.05856832971800434,0.0772626931567329,0.05499276410998553,0.0652014652014652,0.04232424677187949,0.05137481910274964
ɡ,0.5381750465549349,0.528,0.534658264663112,0.5173243503368624,0.529126213592233,0.47962085308056873,0.48581213307240706,0.482640586797066,0.4982456140350877,0.44732745199792423,0.5066298342541437,0.5976190476190476,0.5151515151515151,0.4242590559824369,0.5189349112426036,0.8177269478198713,1.0,0.4582822085889571,0.6464944649446495,0.39384422110552764,0.4654696132596685,0.5294117647058824,0.34880636604774534,0.39832285115303984,0.27261064785118666,0.40326009922041106,0.26383526383526384,0.22236340533672172,0.32643202208419597,0.2559366754617414,0.4512291831879461,0.41393114491593275,0.37111801242236025,0.18528610354223432,0.23099203475742217,0.22948438634713145,0.17663421418636996,0.217485549132948,0.2411504424778761,0.30546875,0.303125,0.18302583025830257,0.1714708056171471,0.10272536687631027,0.1852409638554217,0.13347763347763347,0.181203007518797,0.17391304347826086,0.17420814479638008,0.08866995073891626,0.0,0.046463245492371706,0.1731669266770671,0.22403924775143091,0.21428571428571427,0.20193081255028159,0.14428242517267845,0.1597817614964926,0.17257683215130024,0.10970149253731343,0.03554006968641115,0.21617161716171618,0.10657596371882086,0.15141955835962145,0.18699186991869918,0.0,0.1426332288401254,0.11818879508825787,0.1383893666927287,0.007623007623007623,0.17191283292978207,0.1156515034695451,0.14523809523809525,0.08515448379804069,0.16248989490703314,0.13765822784810128,0.17807089859851608,0.13577235772357724,0.11387329591018444,0.0,0.11066235864297254,0.06542056074766354,0.07389937106918239,0.07649842271293375,0.07232704402515723,0.12841756420878211,0.03825554705432287,0.08629032258064516,0.11138613861386139,0.06687898089171974,0.06629392971246006,0.06384676775738228,0.06896551724137931,0.06645316253002402,0.04818325434439179,0.04833597464342314,0.06952303961196443,0.054183266932270914,0.08799342105263158,0.050239234449760764,0.0727124183006536,0.040444091990483745,0.04209690230341541
h,0.5194624652455978,0.5176636834667923,0.5181246979217013,0.491654744873629,0.488804192472606,0.5019398642095053,0.4903513112320633,0.47257590597453475,0.4962140333165068,0.4812433011789925,0.432661717921527,0.5827380952380953,0.4722698684962836,0.3295395757889291,0.4822157434402332,0.5086878370281606,0.4582822085889571,1.0,0.435263500325309,0.28079392877991827,0.3520309477756286,0.3836436170212766,0.39223839223839224,0.3235097119892833,0.3943060498220641,0.3173854447439353,0.27986798679867986,0.25512227362855255,0.36770007209805333,0.2518321119253831,0.29113018597997137,0.27359180687637163,0.2498205312275664,0.2554904831625183,0.23982235381199113,0.23922734026745915,0.12559081701553004,0.24158563949139866,0.2005792903692976,0.1884476534296029,0.18713872832369943,0.21571648690292758,0.20836560805577073,0.07548476454293629,0.20357420357420358,0.19106317411402157,0.2231012658227848,0.14232765011119347,0.2120253164556962,0.057678943710910355,0.0020161290322580645,0.02698961937716263,0.1324655436447167,0.1375579598145286,0.1332819722650231,0.15035238841033674,0.1225114854517611,0.12193251533742332,0.1332300542215337,0.13951675759937646,0.019539427773900907,0.12412723041117145,0.16707218167072183,0.12637362637362637,0.10725308641975309,0.0,0.12392156862745098,0.14285714285714285,0.12059514487079091,0.005629838142153413,0.11137071651090343,0.14033680834001605,0.12094861660079051,0.10460577673692428,0.11699604743083004,0.11523283346487766,0.10900473933649289,0.10024057738572574,0.10088781275221953,0.0,0.08870967741935484,0.09098294069861901,0.11843202668890743,0.08239095315024232,0.07809983896940419,0.0756234915526951,0.02857142857142857,0.06698950766747377,0.07742461287693561,0.07698607698607698,0.07026143790849673,0.05739692805173808,0.08009909165978531,0.08285004142502071,0.07425742574257425,0.08801341156747695,0.05101214574898785,0.08710217755443886,0.05186385737439222,0.07042253521126761,0.060955518945634266,0.0395799676898223,0.07698744769874477
d,0.45653184565318455,0.45989558614143333,0.4638318670576735,0.4482758620689655,0.45530043966780653,0.4430317848410758,0.433,0.453760162601626,0.52571737953438,0.5704859028194361,0.48088064889918886,0.5814977973568282,0.4883578431372549,0.3702656868287168,0.48175633889919606,0.7188405797101449,0.6464944649446495,0.435263500325309,1.0,0.3473684210526316,0.44091580502215655,0.4953632148377125,0.33357193987115247,0.4109483423284503,0.2669461914744934,0.4177115987460815,0.24600416956219598,0.2199025748086291,0.2827838827838828,0.2396280400572246,0.4083191850594228,0.36792452830188677,0.33921074727120065,0.17792792792792791,0.23207091055600323,0.23039611964430073,0.04607977991746905,0.20349761526232116,0.21739130434782608,0.33689839572192515,0.3318505338078292,0.20741989881956155,0.19627749576988154,0.01735357917570499,0.1981212638770282,0.13636363636363635,0.14006514657980457,0.14063777596075225,0.13513513513513514,0.03614457831325301,0.0,0.014404852160727824,0.14814814814814814,0.2533081285444234,0.24179943767572634,0.1656387665198238,0.13891285591026747,0.1822262118491921,0.1462140992167102,0.1267123287671233,0.012317167051578136,0.03577106518282989,0.15652951699463327,0.16335740072202165,0.1902123730378578,0.0,0.16893732970027248,0.14412811387900357,0.15974729241877256,0.006274509803921568,0.18501387604070305,0.13523131672597866,0.1701931922723091,0.1015625,0.1645220588235294,0.15077202543142598,0.16266173752310537,0.13518518518518519,0.13619402985074627,0.0,0.13157894736842105,0.052770448548812667,0.0679177837354781,0.041884816753926704,0.04557405784399649,0.05678793256433008,0.00338409475465313,0.07103825136612021,0.1168091168091168,0.05600722673893405,0.05530371713508613,0.042152466367713005,0.05253623188405797,0.04783393501805054,0.05957836846929423,0.06567992599444958,0.04159132007233273,0.04727272727272727,0.09923664122137404,0.06209453197405004,0.0804162724692526,0.04105839416058394,0.04200913242009133
r,0.47844623401231645,0.45213270142180095,0.44595249636451767,0.4681166584280771,0.4688118811881188,0.42808551992225463,0.443601416287304,0.4447261663286004,0.5045576407506702,0.4437673130193906,0.5607361963190184,0.3794815223386652,0.3717366628830874,0.4743276283618582,0.3584045584045584,0.3857897827363476,0.39384422110552764,0.28079392877991827,0.3473684210526316,1.0,0.28410596026490065,0.33079584775086507,0.23235685752330226,0.2686671318911375,0.20307281229124916,0.2735648476257973,0.2694226657163222,0.2597684515195369,0.20680083275503122,0.2767062314540059,0.27773467804499613,0.23094867807153965,0.23575331772053085,0.05345060893098782,0.17871017871017872,0.17418351477449456,0.234860883797054,0.17160686427457097,0.19142176330420968,0.19230769230769232,0.1927710843373494,0.10077519379844961,0.0996078431372549,0.17424242424242425,0.10660302307080351,0.07513555383423702,0.11755233494363929,0.13640098603122433,0.11075181891673404,0.27595884003741816,0.2085222121486854,0.2640610104861773,0.14174589455488332,0.13667820069204153,0.12510711225364182,0.14298169136878813,0.10753598645215919,0.13973799126637554,0.13478260869565217,0.08576186511240633,0.245697896749522,0.11871750433275563,0.08559322033898305,0.10850694444444445,0.1351111111111111,0.17403314917127072,0.1145104895104895,0.0751054852320675,0.11276223776223776,0.23039690222652467,0.1141352063213345,0.07482993197278912,0.11013215859030837,0.07896995708154507,0.12455197132616487,0.09991235758106924,0.11449016100178891,0.12407407407407407,0.0777479892761394,0.16796875,0.07290729072907291,0.05803571428571429,0.05530776092774309,0.03412073490813648,0.03415061295971979,0.09166666666666666,0.10131332082551595,0.07479224376731301,0.06788990825688074,0.0585544373284538,0.053979871912168347,0.05504587155963303,0.05795768169273229,0.04454545454545455,0.04284412032816773,0.049723756906077346,0.06841611996251172,0.04395604395604396,0.05555555555555555,0.05,0.05805243445692884,0.05415499533146592,0.031050228310502283
